KinovaWithGripper:
  num_motors: 7
  num_joints: 7
  gravity: [0.0, 0.0, -9.81]

  # motor friction model: friction * sign(velocity) + damping * velocity + transmissionInertia * acceleration
  friction: [0.0, 0.0, 0.0, 0.0, 0.0, 0.0, 0.0]
  damping: [10.5, 7.4064845817230722, 9.9727633408172860, 8.2667950822503915, 8.8572249026528151, 8.7110831569332845, 8.8881903638306934]
  transmissionInertia: [8.03, 11.9962024615303644, 9.0025427861751517, 11.5806439316706360, 8.4665040917914123, 8.8537069373742430, 8.8587303664685315]

  # model uncertainty represented as ratios
  mass_uncertainty: [0.05, 0.05, 0.05, 0.05, 0.05, 0.05, 0.20]
  com_uncertainty: [0.05, 0.05, 0.05, 0.05, 0.05, 0.05, 0.20]
  inertia_uncertainty: [0.05, 0.05, 0.05, 0.05, 0.05, 0.05, 0.20]
  
  # ultimate bound for tracking error
  ultimate_bound:
    alpha: 20.0 # robust controller parameter
    V_m: 0.02 # robust controller parameter
    M_max: 15.79635774 # maximum eigenvalue of the inertia mass matrix
    M_min: 8.29938 # minimum eigenvalue of the inertia mass matrix
    Kr: 5.0 # robust controller parameter

  # collision sphere representation for each link
  collision_spheres:
    joint_2: # the following spheres start from joint_2
    - "offset": [0.0, -0.05, -0.01] # collision-0
      "radius": 0.06
    - "offset": [0.0, -0.11, -0.01] # collision-1
      "radius": 0.06
    - "offset": [0.0, -0.17, -0.01] # collision-2
      "radius": 0.06
    - "offset": [0.0, -0.24, -0.01] # collision-3
      "radius": 0.06
    - "offset": [0.0, -0.30, -0.01] # collision-4
      "radius": 0.06
    - "offset": [0.0, -0.36, -0.01] # collision-5
      "radius": 0.06
    - "offset": [0.0, -0.43, -0.01] # collision-6
      "radius": 0.07
    joint_4:
    - "offset": [0.0, -0.07, 0.0] # collision-7
      "radius": 0.07
    - "offset": [0.0, -0.14, 0.0] # collision-8
      "radius": 0.06
    - "offset": [0.0, -0.21, 0.0] # collision-9
      "radius": 0.06
    - "offset": [0.0, -0.28, 0.0] # collision-10
      "radius": 0.06
    - "offset": [0.0, -0.32, 0.0] # collision-11
      "radius": 0.06
    joint_6:
    - "offset": [0.0, -0.07, 0.0] # collision-12
      "radius": 0.05
    - "offset": [0.0, -0.14, 0.0] # collision-13
      "radius": 0.05
    joint_7:
    - "offset": [-0.03, -0.06, -0.055] # camera, collision-14
      "radius": 0.02
    - "offset": [0.0, -0.06, -0.055] # camera, collision-15
      "radius": 0.02
    - "offset": [0.03, -0.06, -0.055] # camera, collision-16
      "radius": 0.02
    - "offset": [0.0, 0.0, -0.10] # gripper, collision-17
      "radius": 0.05
    - "offset": [0.0, 0.0, -0.15] # gripper, collision-18
      "radius": 0.05
    - "offset": [0.0, 0.0, -0.20] # gripper, collision-19
      "radius": 0.05
  tapered_capsules:
    link_2:
      - "sphere_1": 0
        "sphere_2": 6
    link_4:
      - "sphere_1": 7
        "sphere_2": 11
    end_effector:
      - "sphere_1": 12
        "sphere_2": 19
    
