KinovaWithSuctionCup:
  num_motors: 7
  num_joints: 8
  gravity: [0.0, 0.0, -9.81]
  friction: [0.0, 0.0, 0.0, 0.0, 0.0, 0.0, 0.0]
  damping: [10.5, 7.4064845817230722, 9.9727633408172860, 8.2667950822503915, 8.8572249026528151, 8.7110831569332845, 8.8881903638306934]
  transmissionInertia: [8.03, 11.9962024615303644, 9.0025427861751517, 11.5806439316706360, 8.4665040917914123, 8.8537069373742430, 8.8587303664685315]
  position_limits_lb: [-1000.0, -2.41, -1000.0, -2.66, -1000.0, -2.23, -1000.0]
  position_limits_ub: [1000.0, 2.41, 1000.0, 2.66, 1000.0, 2.23, 1000.0]
  velocity_limits: [1.7453, 1.7453, 1.7453, 1.7453, 3.14159, 3.14159, 3.14159]
  torque_limits: [56.7, 56.7, 56.7, 56.7, 29.4, 29.4, 29.4]
  mass_uncertainty: [0.05, 0.05, 0.05, 0.05, 0.05, 0.05, 0.05, 0.10]
  inertia_uncertainty: [0.05, 0.05, 0.05, 0.05, 0.05, 0.05, 0.05, 0.10]
  ultimate_bound:
    alpha: 10.0
    V_m: 0.02
    M_max: 15.79635774
    M_min: 8.29938
    Kr: 5.0
  collision_spheres:
    link2:
    - "offset": [0.0, -0.05, -0.01]
      "radius": 0.06
    - "offset": [0.0, -0.11, -0.01]
      "radius": 0.06
    - "offset": [0.0, -0.17, -0.01]
      "radius": 0.06
    - "offset": [0.0, -0.24, -0.01]
      "radius": 0.06
    - "offset": [0.0, -0.30, -0.01]
      "radius": 0.06
    - "offset": [0.0, -0.36, -0.01]
      "radius": 0.06
    - "offset": [0.0, -0.43, -0.01]
      "radius": 0.07
    link4:
    - "offset": [0.0, -0.07, 0.0]
      "radius": 0.06
    - "offset": [0.0, -0.14, 0.0]
      "radius": 0.06
    - "offset": [0.0, -0.21, 0.0]
      "radius": 0.06
    - "offset": [0.0, -0.28, 0.0]
      "radius": 0.06
    - "offset": [0.0, -0.32, 0.0]
      "radius": 0.06
    link6:
    - "offset": [0.0, -0.07, 0.0]
      "radius": 0.05
    - "offset": [0.0, -0.14, 0.0]
      "radius": 0.05
    
