KinovaWithoutGripper:
  num_motors: 7
  num_joints: 7
  gravity: [0.0, 0.0, -9.81]
  friction: [0.0, 0.0, 0.0, 0.0, 0.0, 0.0, 0.0]
  damping: [10.5, 7.4064845817230722, 9.9727633408172860, 8.2667950822503915, 8.8572249026528151, 8.7110831569332845, 8.8881903638306934]
  transmissionInertia: [8.03, 11.9962024615303644, 9.0025427861751517, 11.5806439316706360, 8.4665040917914123, 8.8537069373742430, 8.8587303664685315]
  mass_uncertainty: [0.05, 0.05, 0.05, 0.05, 0.05, 0.05, 0.05]
  com_uncertainty: [0.05, 0.05, 0.05, 0.05, 0.05, 0.05, 0.05]
  inertia_uncertainty: [0.05, 0.05, 0.05, 0.05, 0.05, 0.05, 0.05]
  ultimate_bound:
    alpha: 10.0
    V_m: 0.01
    M_max: 15.79635774
    M_min: 8.29938
    Kr: 5.0
  collision_spheres:
    joint_2:
    - "offset": [0.0, -0.05, -0.01]
      "radius": 0.06
    - "offset": [0.0, -0.11, -0.01]
      "radius": 0.06
    - "offset": [0.0, -0.17, -0.01]
      "radius": 0.06
    - "offset": [0.0, -0.24, -0.01]
      "radius": 0.06
    - "offset": [0.0, -0.30, -0.01]
      "radius": 0.06
    - "offset": [0.0, -0.36, -0.01]
      "radius": 0.06
    - "offset": [0.0, -0.43, -0.01]
      "radius": 0.07
    joint_4:
    - "offset": [0.0, -0.07, 0.0]
      "radius": 0.07
    - "offset": [0.0, -0.14, 0.0]
      "radius": 0.06
    - "offset": [0.0, -0.21, 0.0]
      "radius": 0.06
    - "offset": [0.0, -0.28, 0.0]
      "radius": 0.06
    - "offset": [0.0, -0.32, 0.0]
      "radius": 0.06
    joint_6:
    - "offset": [0.0, -0.07, 0.0]
      "radius": 0.05
    - "offset": [0.0, -0.14, 0.0]
      "radius": 0.05
    joint_7:
    - "offset": [-0.03, -0.06, -0.055] # camera
      "radius": 0.02
    - "offset": [0.0, -0.06, -0.055]
      "radius": 0.02
    - "offset": [0.03, -0.06, -0.055]
      "radius": 0.02
    - "offset": [0.0, 0.0, -0.10] # gripper
      "radius": 0.05
    - "offset": [0.0, 0.0, -0.15]
      "radius": 0.05
    - "offset": [0.0, 0.0, -0.20]
      "radius": 0.05
  tapered_capsules:
    joint_2:
      - "sphere_1": "collision-0"
        "sphere_2": "collision-6"
    joint_4:
      - "sphere_1": "collision-7"
        "sphere_2": "collision-11"
    joint_6:
      - "sphere_1": "collision-12"
        "sphere_2": "collision-13"
    joint_7:
      - "sphere_1": "collision-14"
        "sphere_2": "collision-16"
    
